Day fraction since midnight on 12/19/2020,2-3 μm,3-5 μm,5-9 μm,9-17 μm,17-33 μm,33-65 μm,Turb settled w/ blanket (),Time Elapsed (Hours)
0.7279298855,0.0,0.0,0.0,0.0,0.0,0.0,1.5204217704,0.0
0.7337170153000002,0.0,0.0,0.0,0.0,0.0,0.0,1.1208464286,0.1388911152000034
0.7395041350000001,689.2405067088608,369.0126586075949,350.22784848101264,177.64557,49.556962405063295,10.440476547261904,5.826810464100001,0.277781988000001
0.7452912469,2540.9393964646465,1364.3434368686867,1279.434345959596,634.0707095959596,171.12121464646467,32.282830805555555,2.4983371590999996,0.4166726736000008
0.7511165652000001,2412.9191940404044,1239.3535374747476,1118.737375858586,546.3939415151515,147.8080829292929,29.686957549899997,2.4121968869,0.5564803128000015
0.7569233923000002,2095.400002,1025.460002,907.160002,456.38000199999993,128.260002,28.090001998,2.0975991624,0.6958441632000039
0.7627105301999998,1881.040001,898.3500009999999,803.2200009999999,413.960001,114.04000099999999,25.230000998999998,1.8642942891999996,0.8347354727999949
0.7684976566,1723.6700024999998,820.4500024999999,738.9600024999999,387.44000250000005,102.3100024997,23.6100024975,1.6682422451000003,0.9736265063999987
0.7742847726000002,1551.5700013,744.0900013,680.0900013,355.1700013,91.2600012987,20.880001298699998,1.5452619945000003,1.1125172904000031
0.7800718831000001,1467.0808102020196,705.2626283838385,657.3636384848486,345.4545475757577,88.32323444232324,21.64646676555555,1.4930403708999995,1.2514079424000002
0.7858589849000004,1385.860001,672.5400010000001,634.4400009999999,337.36000100000007,84.53000099900001,21.510000999,1.4322684595000001,1.3902983856000084
0.7916460917000001,1305.8100014000001,635.2800014,610.3100013999999,326.4000014,82.0500013986,23.120001398599996,1.4251130911999998,1.5291889488000017
0.79743323,1230.6500025,609.8500025,595.9300025,319.7200025,78.00000249749999,22.8800024975,1.3497882820000005,1.668080267999997
0.8032203588000002,1183.3000013,587.3700013,578.7200013,300.9900013,71.56000129869999,20.5700012987,1.2257469011,1.8069713592000056
0.8090074798999999,1153.222224141414,570.6767695959595,557.3333352525252,282.8484867676768,64.92929484656565,18.959597876868685,1.1423348059,1.9458622655999953
0.8147945912,1127.1400018,555.4300017999999,543.4000017999999,276.0400018,62.4000017982,17.9300017982,1.1060553690000001,2.0847529367999975
0.8205816929,1071.272729090909,532.7777795959596,526.3838402020201,259.6767694949495,55.49495131131313,16.2626280789899,1.0408836051,2.2236433775999984
0.8263687916000001,1030.5100012,521.3100012,517.2800012,255.73000120000003,55.8200011988,17.7100011988,1.0389203416999997,2.3625337464000005
0.8321558800000003,1009.0000015151516,521.2525267676767,521.3131328282827,252.74747626262626,52.717173230808086,16.474748988383837,1.0081128775,2.501423868000007
0.8379429649000001,978.6000013,506.5100013,513.7800013,243.70000129999997,48.6200012987,16.7100012987,1.0072358772999999,2.640313905600003
0.8437300476,953.4800013,498.4700013,505.7000013,239.1700013,47.1400012987,17.3500012987,1.0202220153,2.779203890399998
0.8495171238999998,920.1400011999999,492.8200012,505.03000119999996,236.08000119999997,45.9300011988,17.2600011988,1.0279657947999998,2.9180937215999947
0.8553041968999997,877.0101023232323,469.1919205050505,478.24242555555554,216.21212252525248,39.13131444313131,15.131314443131314,1.0388479307000003,3.056983473599992
0.8610912655000001,851.5700017,452.8600017,458.4600017,200.66000169999998,33.850001698300005,13.420001698299998,0.8551301020000003,3.1958731200000017
0.8668783341000003,831.7777790909091,447.23232454545456,451.81818313131316,193.36363767676767,30.313132624949493,11.838385150202022,0.7823226368,3.3347627664000044
0.8726654001000002,796.2929307070707,429.6868701010101,428.46464787878784,173.78788020202018,24.8282842410101,9.676769089494949,0.7245231122000001,3.473652350400002
0.8784524543000002,759.7216513402061,406.0824760824743,406.35051731958765,158.50515649484535,20.896909070309277,8.5773214414433,0.6831695813000002,3.6125416512000044
0.8842395118000002,689.7500019,367.35000190000005,360.27000190000007,136.0000019,16.860001898100002,7.2100018981,0.6396477894,3.7514310312000028
0.8900266069,622.1200018999999,322.9900019,312.8700019,114.47000189999999,13.180001898099999,6.4300018981,0.5649342743000001,3.8903213135999977
0.8958137153000003,591.8400019999999,311.680002,302.94000200000005,106.48000199999998,11.730001998,5.720001997999999,0.5450063514999999,4.029211915200008
0.9016008191000001,566.8400015,296.5100015,285.8300015,100.40000149950001,10.5600014985,5.480001498499999,0.5097083314000002,4.168102406400003
0.9073879161999998,542.5600013999999,288.40000139999995,279.77000139999996,96.89000139870001,9.5000013986,4.9700013986,0.49395314490000003,4.3069927367999945
0.9131750164999997,559.8500015,300.7200015,292.6300015,100.60000149899999,9.9000014985,5.600001498499999,0.49013888660000005,4.445883143999993
0.918962119,570.6400021,302.38000209999996,295.8400021,102.27000209959999,10.020002097899999,5.480002097899999,0.5018126561000001,4.584773603999999
0.9247492302999999,588.8585863636364,317.8686873737374,311.8989904040404,108.34343484848483,10.232323736868686,5.474227319072164,0.5176462543,4.723664275199997
0.9305363381,618.2323246464646,338.75757717171723,331.68687010101013,115.4848498989899,10.787880200606061,5.878789291515152,0.7431431349000001,4.8625548624
0.9363234402999998,631.414143030303,350.444446060606,347.05050666666665,118.07070868686868,11.232324846868686,6.1111127256565645,0.5447028275,5.0014453151999945
0.9421105394999998,617.3400019000001,334.48000190000005,323.7800019,110.21000189989999,10.710001898100002,6.120001898099999,0.5820821705,5.140335695999994
0.9478976366999998,625.3030311111111,321.6464654545454,309.37373818181817,103.23232404040404,9.515152322424242,5.848485655757575,0.5184864603,5.279226028799997
0.9536847306999998,605.8500012,323.2400012,314.02000119999997,103.0300012,10.0000011988,5.850001198799999,0.5415798149000001,5.418116284799993
0.9594718316,597.5300014999999,319.0300015,307.5300015,102.9900014999,9.420001498500001,5.9900014985,0.49648209189999987,5.557006706399999
0.9652589474,568.0400013,307.2700013,296.9800013,101.43000129930002,9.3500012987,6.180001298700001,0.49875405629999997,5.6958974856
0.9710460616000001,564.0606065656566,300.444444949495,289.2929297979798,95.6363641409091,8.858586363131312,5.9090914136363635,0.4757198694,5.834788226400001
0.9768331687,552.9797992929293,292.676768989899,285.8686881818182,94.0000013118182,8.494950806767678,5.646465958282828,0.47549277430000003,5.973678796800002
0.982620273,575.2600024999999,308.46000250000003,301.7200025,99.1800024989,9.0200024975,5.6500024975,0.46005804250000004,6.112569299999997
0.9884073752999999,585.4800015,305.8600015,294.1300015,96.32000149870001,7.9600014985000005,5.510001498499999,0.4506891548000001,6.2514597551999955
0.9941944739999998,610.4343456565656,327.1111133333334,318.1717193939394,104.59596181757577,8.888891108888888,5.828285048282828,0.4743118073999999,6.390350123999994
0.9999815750999999,674.0500016,364.72000160000005,360.78000160000005,122.7600016,16.3700015984,7.830001598399999,0.5340037523000001,6.529240550399997
1.0057686926999998,661.3877570408163,347.5918386734694,337.94898153061223,108.37755295918367,9.367348875612246,6.428573365408163,0.5010036420999999,6.668131372799994
1.0115558054999998,669.2551041836734,353.6836756122449,344.88775724489795,111.22449193877549,9.602042957040815,6.8775531611224485,0.5136369318,6.807022079999996
1.0173429175000002,756.4545472727273,407.09091090909095,398.6666684848485,127.93939575757575,10.747476563838385,6.959597775959596,0.5388275934000001,6.945912768000003
1.0231300234999998,841.3157908421052,452.5894750526316,441.67368557894736,139.84210663157893,11.494738209157896,6.8736855775789465,0.5605923140000002,7.084803311999995
1.0289171242999997,847.6363641414142,473.0101015151515,463.0909095959596,145.76767727272727,11.535354039898989,7.4545459590909084,0.5678209916,7.223693731199994
1.0347042240999997,887.5500013,480.7800013,464.2100013,147.3200013,11.950001298699998,7.6900012986999995,0.5767324537,7.3625841263999945
1.0404913201,894.1000019999999,480.99000199999995,468.81000199999994,147.600002,11.810001998,7.470001998,0.6355131537,7.501474430399995
1.0462784131000002,910.6530625510204,487.2755115306122,470.56122581632656,148.58163397959183,12.244899284387756,7.4081645905102045,0.5907638986000001,7.640364662400003
1.0520655037,903.7800017,486.0100017,471.4400017,148.63000169999998,12.220001698300003,7.290001698299999,0.5589806859,7.7792548368
1.0578525919000001,899.1010119191919,487.151516969697,479.151516969697,151.4949513131313,12.222224038585859,7.838385654747475,0.5873561692999999,7.918144953600002
1.0636396784,916.8000016999999,490.6700017,476.1000017,147.7900017,11.9800016983,7.6200016982999985,0.5684564704,8.057035029599998
1.0694267611000001,948.1900017999999,496.3100018,481.72000180000003,151.90000179999998,12.320001798200002,7.9600017981999995,0.5806810236000001,8.195925014400004
1.0752138468999999,979.7600007,508.4200007,489.32000070000004,151.36000069999997,12.1900006993,8.1900006993,0.5774221457000001,8.334815073599998
1.0810009539999998,951.1300016999999,505.6100017,491.6600017,153.13000169999998,12.5400016983,8.0700016983,0.5890732213,8.473705643999995
1.0867880748999998,948.9100017,509.9900017,494.1600017,155.69000169999998,12.800001698300001,8.0400016983,0.5988032121,8.612596545599995
1.0925751970000002,955.8200016,503.96000159999994,486.84000159999994,152.7200016,12.4700015984,7.9900015984,0.5684974522,8.751487476000001
1.0983623164000003,939.535355050505,490.98990050505046,473.1919207070706,145.73737525252525,11.808082321717173,7.797981311616162,0.6446390113999999,8.890378341600005
1.1041494299999999,947.5400017,472.9400017,450.8500017,139.16000169999998,11.5300016983,7.8000016983,0.5627121907,9.029269067999998
1.1099365397,971.8200021,487.8400021,468.8600021,143.6700021,11.3000020979,7.8300020979,0.5526864472999999,9.1681597008
1.1157236455000001,1000.8888906060605,498.1919209090909,469.04040575757574,135.95959767676766,9.57575929121212,6.424244139696969,0.5446515422,9.307050240000002
1.1215107501000003,994.1300014999999,485.4200014999999,452.9200014999999,126.2100015,8.1000014985,5.2800014985,0.4819263851,9.445940750400005
1.1272978619,960.1100008,463.4500008,422.86000079999997,113.7500008,6.550000799199999,4.800000799199999,0.4597286005999999,9.584831433600002
1.1330849861000003,843.6500007999999,408.9400008,370.74000079999996,96.64000079959999,5.8200007992,4.630000799199999,0.43371974280000003,9.723722414400008
1.1388721024,794.8500013999999,352.7500014,313.2900014,77.5100013986,4.1200013985999995,3.9600013985999998,0.38264062460000003,9.862613205599999
1.1446592150000003,738.3400025000001,327.5300025,286.3500025,71.79000249749998,3.840002497500001,3.670002497500001,0.38224091480000005,10.001503908000007
1.1504463238,757.2200019999999,339.31000199999994,298.110002,72.770001998,3.9500019980000003,3.710001998,0.3708731761,10.140394519200001
1.1562334288,801.9100029999998,338.450003,291.70000300000004,68.360002997,3.470002997,3.5200029969999997,0.3746174817999999,10.279285039199998
1.1620205299000004,775.0300010999999,334.17000110000004,289.19000109999996,67.7400010989,4.440001098900001,3.8900010989000005,0.3636572320999999,10.418175465600008
1.1678076382000002,792.9600018,343.0400018,296.8900018,74.50000179839999,9.250001798199998,5.770001798199998,0.4597398087,10.557066064800004
1.1735947598000003,815.9191938383839,353.49495141414155,302.74747666666667,69.65656757383837,3.414143331414142,3.414143331414142,0.3536297279,10.695956983200006
1.1793818763000001,840.6000008999998,368.94000090000003,314.19000090000003,70.81000089909999,3.2200008991000004,3.3100008990999994,0.35121895300000006,10.834847779200004
1.185168989,849.6767686868687,385.10101111111106,331.33333434343433,74.01010201919192,3.3838393929292923,3.4949505040404034,0.3773350969,10.973738483999995
1.1909560981,852.7600018999999,383.0400019,329.7900019,73.3300018981,3.2300018981,3.3000018981,0.3657569567,11.1126291024
1.1967432017999997,870.9500013999999,388.67000140000005,334.3300014,75.8200013986,3.3600013985999997,3.8800013985999997,0.49236659720000003,11.251519591199994
1.2025303036,881.2100015,374.74000149999995,316.4900015,70.3400014985,3.0000014985,3.4000014984999996,0.34738590519999996,11.390410034399999
1.2083174004000001,817.1700009,327.62000090000004,270.7700009,59.9400008991,2.9600008991000006,3.5900008991000005,0.35240743179999995,11.5293003576
1.2141044956,784.8100018,331.8200018,283.59000180000004,67.80000179819999,5.0800017982000005,4.7000017982,0.3820426657,11.668190642399999
1.219891588,874.7200022000001,380.85000220000006,325.9900022,77.79000219779999,5.450002197799998,4.860002197800001,0.48112767799999984,11.80708086
1.2256786776,931.2626281818181,407.79798171717164,348.71717363636355,78.25252716979797,3.3333352506060607,3.7070726243434344,0.3791487719999999,11.945971010399997
1.2314657642,942.4300014999999,419.5000015,355.6800015,79.3100014985,3.6200014984999997,3.8200014984999995,0.37694769789999993,12.084861088799997
1.2372528483999998,948.5000021,419.5300021,345.8775529591837,76.7300020979,3.3200020979000002,3.7400020978999997,0.36339432810000005,12.223751109599995
1.2430399317999998,903.8000008,393.0200008,329.68000079999996,72.50000079920001,2.9900007992,3.8367355093877547,0.3666777731,12.362641111199995
1.2488270111,899.3300019,364.1800019,305.4900019,68.2500018981,3.3800018980999997,3.9900018981,0.36849094159999995,12.501531014399998
1.2546140886000001,990.6363653535353,402.82828454545455,335.05050676767684,77.30303201858585,6.868688584141413,5.080809796262627,0.42404346069999993,12.6404208744
1.2604011649,976.8383851515151,410.61616292929295,348.9090922222222,89.15151646343435,10.515152826969699,6.886599277010308,0.6291787718,12.779310705599997
1.2661882543000003,992.6200019,436.0300019,369.77000190000007,80.9200018981,3.7200018981,4.1400018981,0.38178704989999995,12.918200851200005
1.2719753811,1035.9700013,448.2500013,378.1700013,90.46000129889998,8.280001298699998,6.460001298699999,0.5735121375,13.057091894400003
1.2777625013,1034.3300019,462.61000190000004,388.8500019000001,85.56000189810001,3.8800018981000006,4.5700018981,0.43519070959999995,13.195982779200001
1.2835496192,988.3939408080807,458.74747616161613,388.5050519191919,85.25252666525252,3.616163028888889,4.373738786464647,0.4066943067999999,13.334873608799999
1.2893367317000002,977.4000023000001,460.66000230000003,390.3500023,85.00000229770001,3.5700022977000003,4.3100022977000005,0.4132489562000001,13.473764308800003
1.2951238557,998.3191519148937,472.5744710638298,398.5000029787235,86.07447106085105,4.244683826808512,4.191492337446809,0.4536212897,13.612655284799999
1.3009109817000002,1043.3232336363637,476.2828295959596,400.62626393939394,86.10101141282827,3.595960907777778,4.363637675454545,0.41168760660000003,13.751546308800002
1.3066981009,1040.3400012,478.90000119999996,403.6200012,87.0500011988,3.6500011988,4.4100011988,0.4090173670999999,13.890437169599998
1.3124852183000002,1112.151516868687,491.67676939393954,409.47474919191933,88.39394110939396,3.898991614444445,4.535355250808081,0.42852033780000004,14.029327987200006
1.3182723291,1066.357144489796,490.4387771428571,411.85714448979587,89.71428734530612,4.010205712653062,4.602042447346939,0.41776231499999994,14.1682186464
1.3240594344,1085.3200016,491.2000016000001,410.1300016000001,88.47000159840003,3.7100015984000008,4.320001598400001,0.3924087361000001,14.3071091736
1.3298465412000002,1078.7200018,487.1000018,406.0500018,88.44000179819999,3.6400017982,4.4600017982,0.40241001919999997,14.445999736800005
1.3356336587999997,1073.6969718181817,491.83838595959594,416.48485060606066,97.56565868484849,8.05050716959596,6.454547573636363,0.6211420521000001,14.584890559199991
1.3414207842000005,1084.990002,500.19000199999994,418.4500019999999,91.590001998,4.180001998,4.4400019980000005,0.4249972209,14.723781568800014
1.3472079064000002,1102.9595974747476,505.0909106060607,422.5353550505052,92.19192070555557,4.2323247459595965,4.616163129797981,0.41685921280000005,14.862672501600002
1.3529950238000001,1106.4100022,509.8500022,428.81000220000004,98.4000021985,8.520002197799998,6.5800021978,0.45770734869999985,15.001563319200002
1.3587821350000002,1139.3200011000001,505.83000110000006,418.3500011000001,90.64000109890002,3.9400010989000003,4.2100010989,0.3874240319,15.140453988000004
1.3645692445000004,1126.5400021,499.69000209999996,411.9800021,87.56000209790001,4.070002097900001,4.7100020979,0.439450993,15.27934461600001
1.3703563494000002,1148.5050525252525,496.050507070707,402.09091111111115,87.06060807878787,5.2727292909090915,4.838385856565657,0.44477863390000005,15.418235133600007
1.3761434626999998,1109.7100011,479.44000109999996,383.35000109999993,78.1900010989,3.4500010988999996,4.2000010989,0.39800660760000006,15.557125852799992
1.3819305849000003,1079.545456060606,463.9393954545454,367.49495101010103,72.87878939242424,2.797981311616162,3.8080823217171713,0.37802459070000005,15.696016785600008
1.3877177037000001,995.0707095959596,442.55555808080805,352.3939419191919,67.21212373484848,2.7272752500000004,3.69697221969697,0.3560589678999999,15.834907636800004
1.3935048193999997,975.3400018,433.0500018,339.5600018,63.2700017982,2.3600017982,3.4700017982,0.33927574010000017,15.973798413599994
1.3992919315000003,912.4200018,416.1100018,325.70000180000005,58.78000179819999,2.1400017981999997,3.330001798200001,0.3314202694,16.112689104000005
1.4050790387999998,921.0600013999999,403.45000139999996,309.05000140000004,54.3300013986,1.9100013986,3.0400013986,0.3234005652,16.251579679199992
1.4108661425000006,974.1100017,407.8000017,304.7100017,52.4700016983,1.9700016983,3.0200016983,0.331777818,16.390470168000014
1.4166532438000001,928.030304949495,398.9191938383839,299.11111303030304,50.868688785959584,1.868688785959596,2.858587775858586,0.3535056101,16.529360599200004
1.4224403388000002,986.0700012,402.54000119999995,297.9000012,51.4000011988,2.4100011988,3.5900011988,0.34589159309999995,16.668250879200002
1.4282274346,933.616163030303,395.7373751515152,295.9393953535354,50.18181959454545,1.8989913117171717,3.3838397965656566,0.32572760200000006,16.807141178399995
1.4340145271,929.8800011,397.95000109999995,295.3000011,50.5000010989,1.7800010989000001,3.1900010989,0.31634867759999996,16.946031398399995
1.4398016159999998,910.8000016999999,396.8100017,298.20000170000003,50.38000169829999,1.9500016983000001,3.1400016983,0.3086044005,17.084921531999996
1.4455887005999997,936.6800010000001,400.84000100000003,298.67000099999996,50.660000999,1.9000009989999997,3.100000999,0.3052150292,17.223811562399987
1.4513757831999998,904.7100021,399.35000210000004,299.80000210000003,51.250002097899994,1.6900020978999999,3.6100020979,0.3201575117,17.362701544799997
1.4571628649999997,932.1200019,405.92000190000005,299.8700019,51.0300018981,2.1600018981,3.6600018981,0.31182338319999997,17.50159150799999
1.4629499440999998,921.4600019999999,408.660002,302.500002,53.650001998,3.3700019980000007,4.490001998,0.3873837731,17.640481406399992
1.4687370208000003,886.8200021,403.9800021,304.8800021,54.1300020979,4.0800020979,4.6300020979,0.34846944809999997,17.779371247200004
1.4745240957,887.3800018000001,406.5500018,307.47000180000003,50.6100017982,1.8900017982000004,3.4200017981999995,0.32260428849999995,17.918261044800005
1.4803111686999997,877.8282847474746,408.6262645454546,309.18182010101015,52.41414333141414,1.8181837354545454,3.383840301111112,0.3175338459,18.057150796799988
1.4860982418000004,925.8600021,416.6600021,308.5600021,51.90909302818182,1.8200020979000002,3.4100020978999996,0.3254014343,18.196040551200007
1.4918853105999998,954.1700013999999,426.8100014,320.2000014,58.76000139880001,4.0400013986,4.610001398600001,0.39358097200000003,18.334930202399995
1.4976723802,959.9600008000001,419.7800008,312.50000079999995,51.7700007992,2.1000007992,3.581633468571429,0.32547801249999997,18.4738198728
1.5034594481999997,938.6500012,429.47000119999996,322.39000120000003,55.5400011988,2.9800011988,3.9900011988,0.3324458251,18.612709504799994
1.509246515,937.9100016,427.13000159999996,319.16000160000004,53.370001598399995,1.9000015983999998,3.5400015984,0.3862847551,18.751599108
1.5150335798000003,986.7200036,442.5800036,325.0500036,53.68000359639999,1.9200035963999997,3.1900035964000004,0.3170966142,18.890488663200003
1.5208206449000001,1014.6400013,443.4300013,327.7200013,55.2800012987,1.9000012987,3.4300012987,0.3255958648,19.0293782256
1.5266077061,973.9800015999999,429.84000159999994,315.34000160000005,50.930001598400004,1.5300015984000002,3.0200015984000004,0.3171790932,19.1682676944
1.5323947675000003,1005.3400019999999,448.75000199999994,330.57000200000004,54.57000199800001,1.790001998,3.1200019979999998,0.31439224619999995,19.307157168000003
1.5381818272,1010.4141427272727,452.9696982828283,333.81818313131316,56.70707201888889,2.6969710087878798,3.8989912108080818,0.34838920939999996,19.446046600800003
1.5439688872000006,976.3200025,447.80000249999995,333.16000249999996,54.7300024975,2.1500024975,3.7900024974999997,0.3344600211,19.584936040800017
1.5497559488,959.1400011999999,446.21000119999997,334.3100012,55.8200011988,1.9900011988,3.7500011988,0.33814137270000005,19.7238255192
1.5555430061000002,957.6565681818181,449.6464671717171,335.0303055555555,55.90909343181819,1.9696994924242426,3.939396462121212,0.3336189662,19.8627148944
1.5613300634999998,951.464648080808,452.9595975757575,337.83838545454546,55.31313292767676,1.898991513535354,3.56565818020202,0.3407398222,20.001604271999994
1.5671171199,980.6900021,460.0800021,340.2300021,55.5200020979,2.1500020979,3.7000020978999997,0.3285743674999999,20.1404936256
1.5729041776999997,976.7244913265307,464.43877704081626,346.1632668367347,57.132654590306124,2.1122464270408163,3.5510219372448977,0.3313819761,20.27938301279999
1.5786912337999999,989.1200011,467.9300011,348.80000110000003,58.910001098900004,3.6700010989000003,4.2200010989,0.4142507751,20.418272359199996
1.5844782901000003,975.6300018000001,464.69000179999995,350.5500018,57.3100017982,2.0300017982000003,3.3900017982,0.33258102549999996,20.55716171040001
1.5902653440000003,988.3939402020202,469.7474755555555,347.18181898989894,56.63636444363636,2.070707877979798,3.444445251717172,0.32790376289999995,20.696051004000005
1.5960523973,998.3838397979798,472.86868828282826,347.20202161616163,56.78788020060606,2.010102422828283,3.535354948080808,0.3396740960999999,20.834940283199998
1.6018394513999998,987.927836597938,470.22680567010303,348.11340360824744,56.94845515309279,2.051547936597938,3.525774740721649,0.3405666660999999,20.973829581599993
1.6076265042999998,975.8181831313132,470.84848616161617,353.7777790909091,57.626263938080804,2.1919205037373737,3.7373750491919195,0.36809178230000017,21.112718851199993
1.6134135582000004,974.7700011,475.13000109999996,358.8900011,58.6800010989,2.0900010989,3.6900010989,0.3334834064,21.25160814480001
1.6192006081000003,994.5100018,474.69000179999995,349.4200018,56.9000017982,2.0800017982,3.6600017982,0.3260057622000001,21.39049734240001
1.6249876616999999,1006.5000021,465.0200021,341.99000209999997,54.590002097900005,2.0900020979000002,3.4700020979000006,0.3407700087,21.529386628799998
1.6307747117,994.7700020999999,461.5800021,335.06000209999996,52.8400020979,1.8200020978999998,3.7600020978999997,0.32466233299999997,21.6682758288
1.6365617618000001,970.4795927551019,457.6632662244898,328.8469396938776,50.16326622357143,1.6836743868367345,3.387756019489795,0.3183773223,21.8071650312
1.6423488154,911.9500012,433.57000120000004,311.46000119999997,46.0900011988,1.4300011988,3.0200011988000006,0.32555471039999995,21.9460543176
1.6481359835999998,884.8400018,421.38000179999995,297.9900018,43.7400017982,1.6900017982000002,3.3100017982,0.3136164387,22.084946354399996
1.6539231895999997,877.2200034,410.89000340000007,286.6300034,41.68000339660001,1.3700033965999998,2.6900033966,0.32946421359999994,22.223839298399994
1.6597103878,852.7300016999999,398.9500017,275.3600017,38.650001698299995,1.3800016983,2.9100016983,0.2918986524,22.3627320552
1.6654975780999999,860.9400014999999,392.6700014999999,270.0800015,36.1700014985,1.1000014985,2.8300014985,0.26955465589999994,22.501624622399994
1.6712847756,855.1100019,393.6400019000001,267.1600019,36.3100018981,1.3800018981,3.1000018981000004,0.28784605240000005,22.640517362399997
1.6770719678000001,831.4700017000001,387.73000170000006,265.6100017,36.360001698299996,1.5100016983,2.8900016983000008,0.2818500764,22.779409975200004
1.6828591512,856.7800014000001,393.1400014,269.6300014,39.6100013986,3.4700013986000005,4.2100013986,0.33356717650000006,22.9183023768
1.6886463269,890.8600025999999,394.7900026,265.5000026,36.1700025974,1.7500025974,3.3600025974,0.28356210540000004,23.057194593600002
1.6944334947000002,877.9500013,397.0900013,270.8900013,37.3500012987,1.9500012987,3.5900012987000003,0.3028984096,23.196086620800003
1.7002206568999998,818.0200017000002,375.17000170000006,254.9000017,35.0600016983,1.7700016983,3.2300016983,0.30035099220000006,23.334978513599992
1.7060078087,860.8383858585858,387.64646666666664,263.4242444444444,35.40404242222222,1.606062624242424,3.070709088888889,0.2952148029,23.473870156799997
1.7117949783999997,866.7300017,392.3700017,267.5400017,41.2200016985,4.3800016983,5.010001698300001,0.5267865643,23.612762229599994
1.7175821431,873.6868693939393,392.4343441414141,263.4242431313131,35.48484919121212,1.3939401003030303,3.3333340396969695,0.30028084880000006,23.751654182400003
1.7233693003000001,854.8200016,378.7400016,255.4100016,34.0200015984,1.1900015983999999,3.1200015984000005,0.292060308,23.890545955200004
1.7291564526000003,847.8453620618557,383.35051670103087,258.06185690721645,33.50515587505155,1.340207421443299,3.2947381039999994,0.2904613917,24.02943761040001
1.7349435992000002,876.1400013,394.9800013,266.2700013,35.9400012987,1.7100012987,3.3200012987000003,0.30179606270000003,24.168329128800004
1.7407307380999995,860.9797986868688,390.1515158585858,259.97979868686866,35.00000070636364,1.464647171010101,3.1958770095876288,0.3497212538,24.307220462399982
1.7465178731000004,893.6300017,397.74000170000005,264.9100017,35.370001698299994,1.2400016983,3.4200016983,0.3115884712,24.44611170240001
1.7523050179000002,949.4600013999999,405.56000140000003,269.0200014,35.480001398599995,1.5500013985999999,3.4700013986,0.316559238,24.5850031776
1.7580921679,931.9100016,407.31000159999996,269.3800016,35.6600015984,1.6000015984,3.4900015983999997,0.2993746037,24.723894777599995
1.7638793124999999,911.3000014999999,402.9700015,268.97000149999997,35.550001498499995,1.4300014984999998,3.1500014985,0.2961064317,24.862786247999992
1.7696664513000002,928.9393957575758,407.83838565656566,271.5858604040404,36.818183634545456,1.8686886850505053,4.000001816363636,0.32099357500000003,25.001677579200006
1.7754535838,924.8700021,407.7700021,273.79000210000004,35.9400020979,1.2600020979000002,3.2300020979000004,0.299672975,25.1405687592
1.7812407109,903.9696987878787,398.98990080808085,262.4141432323233,35.17171898808081,1.272729089090909,3.2474245342268038,0.2859000948,25.2794598096
1.7870278335999998,940.3300020000001,417.64000200000004,281.240002,38.310001998000004,1.9500019979999996,3.4300019980000003,0.3265028109,25.418350754399995
1.7928149506,956.7600013,420.1500013,280.2000013,37.0900012987,1.2500012987,3.1300012987000003,0.2888306237,25.557241562399994
1.7986020646999998,961.1200021999998,417.5500022,275.13000220000004,36.4200021978,1.5700021978,3.4800021977999993,0.29519302900000005,25.696132300799995
1.8043891722999998,963.8989918181817,421.7777796969696,282.121214040404,40.21212312939394,2.777779695050505,4.898991816262627,0.3394897922999999,25.835022883199997
1.8101762802,970.5050517171717,424.2121224242424,282.6060618181818,37.83838504929293,1.707071917979798,3.585859796767677,0.3087854504,25.9739134728
1.8159633815,957.2600015,419.4700014999999,279.4200015,36.88000149849999,1.5200014985,3.3100014985,0.28991559390000005,26.112803904000003
1.8217504808,961.6400026,420.7100026,284.9100026,37.2700025974,1.4800025974,3.7400025973999997,0.29717715870000005,26.251694287199996
1.8275375752,953.8600011999999,421.0500012,282.10000119999995,37.300001198800004,1.3900011988,3.5900011988,0.3017401868,26.3905845528
1.8333246681,956.5000019,421.98000190000005,281.7500019,37.8000018981,1.6600018981,3.5700018981000006,0.3126701029,26.5294747824
1.8391117572000002,962.0400018999999,423.11000189999993,280.8300019,37.3000018981,1.6800018981,3.2500018981,0.2991428707,26.668364920800002
1.8448988464999996,980.6363654545453,427.80808262626266,286.33333515151514,36.89899171535354,1.4949513113131314,3.8686886850505053,0.30797947410000004,26.80725506399999
1.8506859302,1013.1800010000001,431.17000099999996,285.380001,37.030000999,1.530000999,3.480000999,0.30461076090000005,26.9461450728
1.8564730123000002,1007.2300008999998,432.0100009,286.68000090000004,37.7100008991,1.6300008991000001,3.5400008991,0.3069267773,27.0850350432
1.8622600923999997,952.7474771717172,422.5656589898991,282.4646488888889,36.11111353292929,1.5555579773737374,3.6969721187878792,0.30261508579999996,27.22392496559999
1.8680471703000001,968.8400015,426.1500014999999,286.6100015,37.2100014985,1.4800014985,3.1700014984999996,0.2949406299,27.3628148352
1.8738342487999997,971.1200015999999,433.3000016,290.1300016,40.0900015984,2.7400015984000006,4.8700015984,0.38214277800000007,27.501704719199992
1.8796213207000005,936.5312518750001,410.01041854166664,271.250001875,35.291668539791665,1.406251873125,3.2187518731249996,0.33707910500000005,27.640594444800016
1.8854083932000003,1000.1100011999999,417.9900012,274.4900012,34.6500011988,1.3300011988000002,3.3900011988,0.29874249010000004,27.779484184800005
1.8911954646,1040.5700022,427.9100022,276.1500022,35.2400021978,1.6400021978000001,3.3500021978000003,0.3210057764,27.9183738984
1.8969825357000005,1042.5625009374999,431.47916760416666,276.1458342708333,35.041667603229165,1.2083342698958333,3.010417603229167,0.31552703860000003,28.057263604800013
1.9027696029999999,997.3100012,413.23000119999995,265.3000012,32.1100011988,1.3400011988,3.0600011988,0.34572666840000005,28.19615322
1.908556668,985.5900015999999,407.88000159999996,259.0600016,30.420001598400003,1.2300015984000001,2.9100015984000005,0.2814717425,28.335042779999995
1.9143437364000002,970.7100025,403.99000249999995,258.45000250000004,35.5900024975,4.0200024975,5.2000024975,0.4247385719000001,28.473932421600004
1.9201307986,900.8000018,385.5700018,241.3000018,27.5300017982,1.1700017982,2.6500017982000004,0.2706074619,28.6128219144
1.9259178628999998,928.4600015999999,387.6600016,237.82000159999998,27.5400015984,1.2300015984,2.9000015984000003,0.2971601589,28.751711457599995
1.9317049254,927.0300014999999,381.2800015,233.2500015,26.980001498499995,1.0000014984999999,3.0400014984999997,0.2720244863,28.8906009576
1.9374919868,940.4700016999999,380.9900017,232.5600017,26.340001698300004,1.3800016983,3.1700016983,0.28241998570000004,29.029490431200003
1.9432790471,941.9479175,380.14583416666665,231.6041675,26.166667499166664,1.3020841658333333,3.1250008324999996,0.28307730789999996,29.168379878400003
1.9490661062,930.2929311111111,376.08080989898986,227.28283010101012,25.11111292747475,1.0909109072727272,3.0986053520000003,0.2731644279,29.3072692968
1.9548531656,937.8100008999999,374.4500009,226.5800009,26.0900008991,1.6700008991,3.1600008991000004,0.287715611,29.4461587224
1.9606402235000002,947.0505063636364,377.71717303030306,230.73737505050502,29.575758887575756,3.4848497966666665,4.929294241111111,0.30956950620000007,29.585048112000003
1.9664272806999998,983.2200014,386.2000014,229.6100014,28.180001398599998,2.4000013985999997,3.8300013986000003,0.3290683414,29.723937484799997
1.972214338,934.1515169696969,376.4545472727273,227.97979979797984,25.151516967878788,1.2121230284848485,3.191921008282828,0.2811115134,29.86282686
1.9780013951999995,953.2626280808081,382.59596141414136,228.22222404040406,25.484850301212123,1.1313149476767677,3.131314947676768,0.31248482599999994,30.001716232799986
1.9837884512,955.9494963636364,382.09091050505054,229.19192060606062,25.14141555414141,1.040405453131313,3.181819594545455,0.269698342,30.1406055768
1.9895755065,944.2400015000001,379.9600015,229.4900015,25.6300014985,1.1600014985,3.1500014984999996,0.2719924051,30.279494904000003
1.9953625610999999,944.5200018999999,378.73000189999993,229.3800019,25.1800018981,1.1000018981,2.9700018981000005,0.26165248230000004,30.418384214399993
2.0011496145000005,949.4123720618556,381.2268050515464,228.32989783505153,24.80412463824742,1.3505163908247424,3.2607969508,0.2748472963,30.557273496000008
2.0069366654000005,953.2020233333334,384.5858617171717,229.58586171717175,25.030306158484848,1.0808112089898991,3.1414172695959595,0.35463126780000004,30.69616271760001
2.0127237205,929.3500021,383.94000210000013,232.89000209999998,25.420002097899996,1.1700020979,3.1500020979000003,0.28138015099999997,30.835052039999994
2.0185107782999996,911.0800021000001,380.9500021000001,232.09000210000002,25.610002097899997,1.0400020978999998,3.1700020979000003,0.2783124197,30.97394142719999
2.0242978749,912.8500011,384.3600010999999,230.5800011,25.400001098900002,1.2400010989,3.0700010989,0.2902143889,31.11283174559999
2.0300850854000005,956.1649501030928,390.49484701030923,233.11340371134023,26.804125359175256,2.0721665962886595,4.103094431340207,0.3844167486000001,31.251724797600012
2.0358722938,951.1400024,386.2500024,233.30000239999998,25.470002397600002,1.3100023976,3.2000023975999996,0.2838913164,31.390617799199994
2.0416594957000003,966.1919205050505,386.14141545454544,231.91919323232324,26.06060737242424,1.888890200707071,3.5454558572727275,0.2918227558,31.529510644800006
2.0474467056000005,960.8888897979798,386.74747565656565,231.76767767676765,26.5858594940404,1.7959191828571428,3.616162524343435,0.311904795,31.66840368240001
2.0532339076999997,970.2800012,391.3900012,233.69000119999998,25.4500011988,1.2600011988,3.5200011988,0.279426216,31.807296532799995
2.0590211018000004,988.9900017999998,397.59000180000004,234.85000180000003,25.630001798200002,1.0900017982,3.0600017981999996,0.27765630680000003,31.946189191200006
2.0648082835999997,977.2300019,390.61000190000004,232.5100019,24.900001898099994,1.1500018980999998,3.3900018981000004,0.2974256316,32.08508155439999
2.0705954596000002,977.620001,392.93000099999995,233.83000099999998,24.340000998999997,1.190000999,3.4500009990000002,0.27894028810000004,32.22397377840001
2.0763826276,972.4444461616162,393.1919209090909,233.73737545454546,25.73737545282828,1.1313148467676768,3.5656582811111113,0.291473539,32.3628658104
2.0821697924,966.4300014999999,392.74000149999995,231.8000015,26.170001498499996,1.5800014985,3.5200014985000005,0.294551377,32.501757765600004
2.0879569655,965.2600013,390.8200013,234.3000013,25.6900012987,1.3400012986999998,3.8700012987,0.3002691441,32.64064992
2.0937441353,952.6100025000001,389.34000250000014,232.69000249999996,24.970002497499994,1.2300024975,3.610002497500001,0.2862719723,32.779541995200006
2.0995312983,940.3800021,387.2700021,233.1600021,25.620002097899995,1.3800020979,3.3400020979000002,0.2791104751,32.9184339072
2.1053184533000002,945.3200009,388.6600009,230.8000009,24.720000899099997,1.2400008991000002,3.4500008991,0.2853119253,33.0573256272
2.1111056016,938.8787885858587,386.59596030303027,230.24242494949493,24.67676838313131,1.060606766969697,3.2020209083838385,0.4132715135,33.19621718639999
2.1168927455,916.5200012,382.53000119999996,228.9400012,24.7400011988,1.4700011988,3.163266529387755,0.2818184597,33.33510864
2.1226798813,959.3500022000001,395.1800022000001,235.3400022,26.380002197799996,2.2800021978,3.870002197800001,0.31042300739999995,33.473999899199995
2.1284670322999997,996.5400016999998,395.9200017,233.44000169999998,24.5300016983,1.0700016983,3.3700016983,0.27918398209999995,33.61289152319999
2.1342541842000005,995.3131325252525,399.3939406060606,235.0808092929293,25.1111123220202,1.222223433131313,3.3232335341414134,0.28546897520000003,33.75178316880001
2.1400413287,977.2300024,393.15000239999995,229.4300024,24.4800023976,1.1500023976,3.5500023976,0.2893941701999999,33.8906746368
2.1458284680000004,926.7300008,371.9500008,218.16000079999998,23.450000799199998,1.3300007992000002,3.3900007991999996,0.2838310143,34.02956598000001
2.1516156017,954.3600021,382.63000209999996,222.4700021,24.2000020979,1.1200020979,3.5100020978999997,0.3028101595,34.168457188800005
2.1574027293999998,1110.9200013999998,457.45000139999996,272.4600014,30.4000013986,1.8000013985999999,4.2000013985999995,0.33706573669999995,34.3073482536
2.1631898516000003,1284.0000015,559.1200015,342.19000149999994,37.900001498499996,2.0300014985000003,5.387756631122449,0.34702726190000016,34.44623918640001
2.1689769712,1466.9600014000002,659.9300013999999,417.65000140000006,48.550001398599996,2.7400013986,6.9600013986,0.41601243500000007,34.585130056800004
2.1747640872,1527.1041688541666,727.0937521875,474.22916885416663,57.89583551864583,3.5625021853125003,9.177085518645834,0.4973913441000001,34.724020840799994
2.1805511967,1598.1200006,793.7900006000001,529.5300006,66.2100005994,4.2400005994,11.3400005994,0.5606850806,34.86291146880001
2.186338304,1652.898990808081,842.5050514141415,574.9090918181819,74.5959605041414,5.585859494040403,13.414142322323231,0.6233377066,35.001802044
2.1921254077000003,1693.2000013999998,887.9800013999999,616.0100014,80.1700013986,6.5600013986,15.4700013986,0.6555456416000002,35.1406925328
2.1979125082,1726.3900014,922.8600014,645.9900014,86.7300013986,7.2900013986,16.7500013986,0.6931287564,35.2795829448
2.203699608,1801.5700011,984.9100011,695.8200011000001,94.2200010989,8.0000010989,17.440001098899998,0.7243829398,35.41847334
2.2094866995999998,1893.8200018999999,1056.5000019000001,751.6300019,104.8500019,9.4500018981,20.0900018981,0.7577973618999999,35.5573635384
2.2152737917999996,1981.5100015999997,1118.9800016000002,807.0800016000001,114.1300016,10.1700015984,21.2700015984,0.7927905671,35.69625375119999
2.2210608792000004,2097.12500125,1198.2395845833332,868.0520845833333,126.62500125000001,12.093751248750001,23.198785818247426,0.8419747890000002,35.83514384880001
2.2268479641,2217.8100015,1273.6000015,934.3300015,136.8700015,14.330001498500001,24.780001498499995,0.8806356374999998,35.9740338864
2.2326350487,2298.919194141414,1332.2121234343433,979.2424264646464,148.17171939393938,16.525254745252525,28.171719391717172,0.9273235470000002,36.1129239168
2.238422131,2421.4000011,1416.1700011,1048.4800011,161.2100011,19.6200010989,29.660001098899997,1.0178672147999999,36.251813892
2.2442092116,2413.1200020999995,1422.9200020999997,1055.2000021,164.48000209999998,19.9500020979,30.260002097899996,1.0116669606000002,36.3907038264
2.2499962875999997,2670.6700017999997,1577.2900017999998,1177.1700018000001,187.2300018,25.100001798199997,33.98000179819999,1.0683342359,36.52959365039999
2.2557833653,2775.9100019000007,1645.8000018999999,1234.9900019,196.7700019,26.2600018981,35.4700018981,1.1033543404999997,36.6684835152
2.2615704390000007,2897.1313156565657,1726.2828308080807,1299.1212146464645,212.61616414141415,30.55555807828283,38.6262651489899,1.1248543243000002,36.807373284000015
2.2673575096,2998.4400022000004,1796.1900022,1354.6200021999998,224.6300022,33.7000021978,39.8500021978,1.1897342144999998,36.9462629784
2.2731445819,3087.5700016,1864.0200016,1410.7600016,238.14000160000003,36.6300015984,40.6900015984,1.2123118542,37.085152713599996
2.2789316528,3197.3400016000005,1927.4600016,1462.9100016,250.0300016,39.9900015984,41.2500015984,1.2393075240999998,37.224042415199996
2.2847187205,3284.5252532323234,1986.525253232323,1517.8989906060604,263.1717178787879,43.797980504343435,44.161616867979795,1.2514973996999998,37.36293204
2.2905057879,3330.8700015000004,2020.8100015,1540.8300015,268.8900015,46.06000149850001,44.13000149850001,1.2630231212999998,37.5018216576
2.2962928531,3419.08080959596,2079.333334848485,1594.434344949495,282.61616313131316,49.37373888737373,47.03030454393939,1.3382745731,37.6407112224
2.302079921,3473.1400013000007,2117.0100013,1625.6400013,294.8700013,54.02000129869999,49.23000129869999,1.3470620253999999,37.779600851999994
2.3078669816000006,3477.929293737374,2126.8080816161614,1650.4242432323233,302.5454553535353,56.212122019393945,47.30303111030304,1.3752793872,37.91849030640002
2.3136540469,104.6300019982,66.3500019982,57.67000199819999,11.770001998,0.760001998,0.24000199799999994,1.0074605478,38.0573798736
2.3194411074999994,2.8970999999999998e-06,2.8970999999999998e-06,2.8970999999999998e-06,2.8970999999999998e-06,2.8970999999999998e-06,2.8970999999999998e-06,0.7520378324000001,38.196269327999985
2.3252281708,2.0979e-06,2.0979e-06,2.0979e-06,2.0979e-06,2.0979e-06,2.0979e-06,0.7417197667000002,38.3351588472
2.3310152305,1.5983999999999998e-06,1.5983999999999998e-06,1.5983999999999998e-06,1.5983999999999998e-06,1.5983999999999998e-06,1.5983999999999998e-06,0.7983292687000001,38.47404827999999
2.3368022904,1.5983999999999998e-06,1.5983999999999998e-06,1.5983999999999998e-06,1.5983999999999998e-06,1.5983999999999998e-06,1.5983999999999998e-06,0.8822933701000002,38.612937717600005
2.3425893483999998,2.1977999999999995e-06,2.1977999999999995e-06,2.1977999999999995e-06,2.1977999999999995e-06,2.1977999999999995e-06,2.1977999999999995e-06,0.9722564756999997,38.75182710959999
2.3483764059999994,1.3985999999999998e-06,1.3985999999999998e-06,1.3985999999999998e-06,1.3985999999999998e-06,1.3985999999999998e-06,1.3985999999999998e-06,1.0384093106999999,38.89071649199998
2.3541634665,1.4985e-06,1.4985e-06,1.4985e-06,1.4985e-06,1.4985e-06,1.4985e-06,1.0909473823,39.029605944000004
2.3599505236000002,1.0989e-06,1.0989e-06,1.0989e-06,1.0989e-06,1.0989e-06,1.0989e-06,1.1367630072,39.168495314400005
2.3657375797,1.2987e-06,1.2987e-06,1.2987e-06,1.2987e-06,1.2987e-06,1.2987e-06,1.1652061504999998,39.307384660800004
2.3715246349,1.998e-06,1.998e-06,1.998e-06,1.998e-06,1.998e-06,1.998e-06,1.198339924,39.4462739856
2.377311691,1.2987e-06,1.2987e-06,1.2987e-06,1.2987e-06,1.2987e-06,1.2987e-06,1.1897195924,39.585163332
2.3830987467,1.4985e-06,1.4985e-06,1.4985e-06,1.4985e-06,1.4985e-06,1.4985e-06,1.2188445675,39.7240526688
2.3888858018000003,1.7982000000000002e-06,1.7982000000000002e-06,1.7982000000000002e-06,1.7982000000000002e-06,1.7982000000000002e-06,1.7982000000000002e-06,1.2233027498,39.8629419912
2.3946728532,1.1988e-06,1.1988e-06,1.1988e-06,1.1988e-06,1.1988e-06,1.1988e-06,1.2434053200000001,40.0018312248
2.4004599086000002,0.0800008991,8.991e-07,8.991e-07,8.991e-07,8.991e-07,-1074790.399999101,1.2562375457,40.140720554400005
2.4062470673000003,416.6000017995,385.3400017991,3.6970900000000064e+17,650.2600017993,250.2300017992,149.37000179850003,63.55233220259999,40.2796123632
2.4120342749,137.4900022,32.3200021978,13.360002197800002,4.3200021978,2.1978e-06,2.1978e-06,110.00000039999999,40.418505345599996
2.4178214801999998,137.28000269999998,44.190002697299995,30.25000269790001,15.940002697899999,3.680002697300001,0.9600026972999999,24.8058010292,40.55739827279999
